V1	V2
1	4.97792234113827	-11.8913133753744
2	6.7135712442776	-2.92502528325951
3	-8.9368451468787	-5.69798532266446
4	0.431868767013686	-1.97882415037612
5	-1.28359857498096	-3.85500351271551
6	4.8692930635045	-0.54689270234581
7	6.21152660368456	-12.3999770906901
8	-6.95365014958561	-2.19264961831361
9	9.27633036547463	-5.47788381889118
10	4.45315810382434	-11.9766144900606
11	8.18151675699698	-5.43597518689439
12	9.88571255290614	-5.41848885737813
13	4.67066107113465	-11.5739078912279
14	4.55540040298634	-13.5237581499719
15	5.96693889883413	-8.94250842149707
16	15.3448760473582	-9.10806406759516
17	7.44421869988789	-4.36135246975488
18	-5.64330934636124	-3.81877759010305
19	1.65639031379702	-13.8133689486194
20	4.88335691021878	-10.5209865935358
21	3.20503271510691	-12.3375277051332
22	8.84471866451328	-11.8776643610817
23	4.93327958672557	-12.8260431401761
24	-7.3213611346088	14.3925959114661
25	-5.88571280211523	14.6637958619252
26	9.80882302424648	-5.40719417023419
27	3.27161234355527	-10.2226636098007
28	1.32137196097836	-3.86552633622965
29	-8.37474495018921	-5.06622736967547
30	7.03793765902584	-10.975510399079
31	8.71203209312691	-11.7658174211356
32	-7.68031921467718	-3.40286152831654
33	5.18808522966166	0.239931196121759
34	8.48682357628227	-4.85362593400681
35	-7.05022873448594	-3.07319397475326
36	2.82030055579741	-10.0290890974261
37	8.04006003821327	-5.33098026906716
38	0.0351090230133111	-2.99380688542138
39	-9.43383261945071	-2.66533922744722
40	-8.48461294673614	-4.33206345247534
41	-7.91727972908082	-3.84942665559472
42	-9.87359017697771	-5.28423420482172
43	-7.50194887127069	-6.25253001088655
44	-9.5868102982122	-3.8775798119135
45	6.90973014038901	-10.4171597442318
46	4.77957173876703	-0.497327175568564
47	4.67820346508536	-9.66434259609222
48	4.32809733996579	-8.40987049053203
49	-8.60599241809574	-6.20872989814706
50	3.80065659676325	-11.0275839191301
51	4.17097866874939	-10.0349544015527
52	-5.96246993881212	17.4568038996761
53	1.70361925820219	-7.40510493719876
54	-6.61439558629783	15.3030592742984
55	4.18044465742297	-8.27761006191447
56	-5.38404133022651	17.9079663863151
57	-7.71163655972072	15.8114925804923
58	-4.62885356379153	16.249803050269
59	10.0291290597535	-5.29312607520561
60	8.11396909398025	-11.2516647584693
61	5.28043635579157	-8.52334176169949
62	-8.06115378474407	-2.64476308714642
63	5.36572640162899	-9.56751115533345
64	4.30382046365372	-11.1456470067554
65	14.2871617176848	-8.07870278578414
66	4.06993968243588	-8.84918322394184
67	5.44903815368951	-10.110437432698
68	-3.31430154214147	20.2806310763372
69	-9.71839489623858	-6.71096141430676
70	-5.81315743974492	16.6882417354299
71	4.87547583715398	-11.4783781409647
72	-6.54237097196326	16.9578175750711
73	-7.98982684626265	-3.63184365310734
74	10.5874685464993	-5.19872557658649
75	-7.81106012865467	17.3131710926338
76	0.725111024333285	-9.46768006527429
77	-7.43060667245127	18.7571154028095
78	-2.18362819530636	-9.94253682099046
79	-0.261370740864737	-3.98699976981173
80	1.03775754425482	-2.73588012430811
81	1.78744046819761	-11.8113014325755
82	14.6074027252857	-8.30890425995182
83	-0.402738839479264	-9.18225648208649
84	14.4624339240206	-8.19091196880597
85	-5.51158032161083	20.8090508041787
86	3.63680258048973	-0.370540203945862
87	-7.67140156363975	21.7495195044988
88	-2.58091860369087	19.1452399823973
89	6.11844451783608	-7.25730893746555
90	1.78676399311458	-10.3340013630846
91	15.5218447711827	-9.03105907013589
92	-4.66734740590406	20.4720077429504
93	14.735512194442	-8.40288958938577
94	1.68021505180743	-6.27786334170907
95	15.098440344953	-8.69300542027286
96	-5.44756999184236	18.2870775326242
97	-8.37047877923001	18.1772149249857
98	4.52101456170177	-0.775279117244664
99	0.863867422248808	-10.0439355758648
100	-5.1939423772423	19.9683425015261
101	-0.308983748649772	-9.91414512014098
102	0.695155866081254	-3.80153636217731
103	-8.87260955657482	20.4575535761882
104	-8.32351764642601	19.0259447193366
105	-7.3589418272694	-4.48484876969615
106	-8.12419255972889	-4.41413968580102
107	-1.07488500508294	-11.1759788586016
108	6.26291947962157	-1.69654760846715
109	-4.7106658151691	19.0667378969003
110	-7.9603570473792	-4.46964935813474
111	-3.54944085306829	18.2722654952613
112	-7.74050158611793	20.1122059984399
113	-3.82698262073915	21.6132197037005
114	-6.68238261915791	20.855157702245
115	1.68962355314064	-8.48933214887804
116	0.0178846055598368	-3.09354384089861
117	9.93966743705448	-5.62765068318877
118	0.557071031362779	-11.2552172286513
119	-5.67163377893862	22.0518206343193
120	1.72727558980013	-9.000101585882
121	-0.445985910935698	-2.78152616545563
122	-7.50370185991225	-4.03713865299838
123	7.72197063545248	-9.61575509197742
124	-1.41240367719781	-8.05236532245381
125	-6.30075005121776	20.1547083522031
126	6.10264445405749	-3.88139399100529
127	5.38321546532227	-3.07378366802338
128	-0.539379233520779	-1.599910721398
129	-1.00183640840523	-9.95963040304712
130	-6.3260065355314	18.0067013972615
131	1.44914534452767	-9.48455444641535
132	-5.50178851452239	19.110748718575
133	-6.77945292464124	19.5189503754177
134	-6.95027472222627	-4.66965597895351
135	-6.42316685723699	15.2569546023367
136	-6.33123159359705	18.5328130409551
137	14.6242526929932	-8.33643442890382
138	-4.10658197130276	18.8472649836823
139	0.930839114790952	-10.3705892588138
140	1.32825799939954	-9.81553852653459
141	-9.35410900477696	17.1395374802014
142	-2.52584533380862	17.216465795786
143	-6.91122387684427	18.4766081349211
144	-7.16104801779306	18.7786386877767
145	-5.90450992333823	19.2379568230959
146	-0.133876747799406	-7.5841661719557
147	-5.39133753668297	18.7953182184202
148	-1.40411774798759	-2.52899585141465
149	-9.70760011588743	18.9608036580634
150	6.18660292950484	-3.17155091106681
151	-3.24411326079956	15.0741647373693
152	-6.46477093587244	18.3878770129222
153	-1.07053561783865	-9.10080303373258
154	0.0929911591473321	-9.35137213060398
155	3.26127360573732	-7.80019164918649
156	-0.133845298054457	-8.7346976583859
157	-4.32089892502313	17.2148048802197
158	4.61896869223114	-2.13389570611283
159	0.0483638900695011	-12.3018736974238
